	Pit no.	Location E	Location N	Total Sherds	Total Weight		Total Plain	Plain Weight	Body	Rim	Handle	Base	Pedastal	Total Decorated	Decorated Weight	Body	Rim	Handle	Base	Foot	Water-worn		Conjoined Sherds				
					grams			grams							grams						Weight	% of Total					
	Pit 1			0	0		0							0													
	Pit 2			0	0		0							0													
	Pit 3			0	0		0							0													
	Pit 4			0	0		0							0													
	Pit 5			0	0		0							0													
	Pit 6			0	0		0							0													
	Pit 7			0	0		0							0													
	Pit 8			0	0		0							0													
	Pit 9			0	0		0							0													
	Pit 10	416004	92825.7	5	95		4	56	3	1				1	39	1					0	0.000	2				
	Pit 11			0	0		0							0													
	Pit 12			0	0		0							0													
	Pit 13			0	0		0							0													
	Pit 14			0	0		0							0													
	Pit 15	415993.6	92818.3	1	12		1	12				1		0							0	0.000					
	Pit 16	416002.1	92817.8	2	47		1	32	1					1	15	1					0	0.000					
	Pit 17			0	0		0							0													
	Pit 18			0	0		0							0													
  	Pit 19	415997.7	92812	29	303		18	193	16	1	1			11	110	9	1	1			198	65.347	2				
	Pit 20	415996.6	92810.2	10	110		9	89	6	2		1		1	21	1					110	100.000					
	Pit 20ext			92	1061		75	711	69	5		1		17	350	15		2			668	62.959	2				
	Pit 21	416000.7	92806.9	33	363		17	135	17					16	228	14		1	1		363	100.000					
	Pit 22	415999.2	92805.1	72	647		48	346	45	3				24	301	19	2	2	1		641	99.073	14 - (5 pots)				
	Pit 23	416002.8	92804.2	91	510		70	295	65	4		1		21	215	17	1	1	2		502	98.43137255	2				
	Pit 24	415997.7	92808.5	165	851		130	618	117	11	2			35	233	28	1		5	1	583	68.50763807	9 - (2 pots)				
	Pit 25	415995.1	92812.7	252	1298.5		198	1060	181	15	1		1	54	238.5	50	3		1		1298.5	100	16 - (2 pots)				
	Pit 26	415996.3	92814.3	121	687		85	357	79	4		2		36	330	32	2		1	1	649	94.46870451					
	Pit 27	415997.6	92805.4	30	220		22	166	19	2		1		8	54	8					0	0.000					
	Pit 28	416000.1	92816.2	14	159		10	109	8	2				4	50	4					0	0.000					
	Pit 29	415995.1	92814.6	78	320		59	217	55	4				19	103	15	4				316	98.750					
	Pit 30			0	0		0							0													
	Pit 31			0	0		0							0													
	Pit 32			0	0		0							0													
	Pit 33			0	0		0							0													
	Pit 34			0	0		0							0													
	Pit 35			0	0		0							0													
	Pit 36			0	0		0							0													
	Pit 37			0	0		0							0													
	Pit 38			0	0		0							0													
	Pit 39			0	0		0							0													
	Pit 40			0	0		0							0													
	Pit 41			0	0		0							0													
	Pit 42			0	0		0							0													
	Pit 43			0	0		0							0													
	Pit 44			0	0		0							0													
	Pit 45			0	0		0							0													
	Pit 46			0	0		0							0													
	Pit 47			0	0		0							0													
	Pit 48			0	0		0							0													
	Pit 49			0	0		0							0													
	Pit 50			0	0		0							0													
	Pit 51			0	0		0							0													
	Pit 52			0	0		0							0													
	Pit 53			0	0		0							0													
	Pit 54			0	0		0							0													
	Pit 55			0	0		0							0													
	Pit 56			0	0		0							0													
	Pit 57			0	0		0							0													
	Pit 58			0	0		0							0													
	Pit 59			0	0		0							0													
	Pit 60			0	0		0							0													
							0							0													
							0							0													
							0							0													
							0							0													
							0							0													
							0							0													
							0							0													
							0							0													
							0							0													
							0							0													
							0							0													
							0							0													
							0							0													
							0							0													
							0							0													
																											
																											
																											
																											
																											
																											
																											
																											
																											
																											
																											
																											
																											
																											
																											
																											
																											
																											
																											
																											
																											
																											
																											
																											
																											
																											
																											
																											
																											
																											
																											
																											
																											
																											
																											
																											
																											
																											
																											
																											
																											
																											
																											
																											
																											
																											
																											
																											
																											
																											
																											
																											
																											
																											
																											
																											
																											
																											
																											
																											
																											
																											
																											
																											
																											
																											
																											
																											
																											
																											
																											
																											
																											
																											
																											
																											
																											
																											
																											
																											
																											
																											
																											
																											
																											
																											
																											
																											
																											
																											
																											
																											
																											
																											
																											
																											
																											
																											
																											
																											
																											
																											
																											
																											
																											
																											
																											
																											
																											
																											
																											
																											
																											
																											
																											
																											
																											
																											
																											
																											
																											
																											
																											
																											
																											
																											
																											
																											
																											
																											
																											
																											
																											
																											
																											
																											
																											
																											
																											
																											
																											
																											
																											
																											
																											
																											
																											
																											
																											
																											
																											
																											
																											
																											
																											
																											
																											
																											
																											
																											
																											
																											
																											
																											
																											
																											
																											
																											
																											
																											
																											
																											
																											
																											
																											
																											
																											
																											
																											
																											
																											
																											
																											
																											
																											
																											
																											
																											
																											
																											
																											
																											
																											
																											
																											
																											
																											
																											
																											
																											
																											
																											
																											
																											
																											
																											
																											
																											
																											
																											
																											
																											
																											
																											
																											
																											
																											
																											
																											
																											
																											
																											
																											
																											
																											
																											
																											
																											
																											
																											
																											
																											
																											
																											
																											
																											
																											
																											
																											
																											
																											
																											
																											
																											
																											
																											
																											
																											
																											
																											
																											
																											
																											
																											
																											
																											
																											
																											
																											
																											
																											
																											
																											
																											
																											
																											
																											
																											
																											
																											
																											
																											
																											
																											
																											
																											
																											
																											
																											
																											
																											
																											
																											
																											
																											
																											
																											
																											
																											
																											
																											
																											
																											
																											
																											
																											
																											
																											
																											
																											
																											
